=== Test macierzy ===

Macierz jednostkowa:
    1.00     0.00     0.00     0.00 
    0.00     1.00     0.00     0.00 
    0.00     0.00     1.00     0.00 
    0.00     0.00     0.00     1.00 

Macierz A (skalowanie):
    2.00     0.00     0.00     0.00 
    0.00     3.00     0.00     0.00 
    0.00     0.00     4.00     0.00 
    0.00     0.00     0.00     1.00 

Macierz B (translacja):
    1.00     0.00     0.00     5.00 
    0.00     1.00     0.00     0.00 
    0.00     0.00     1.00    -2.00 
    0.00     0.00     0.00     1.00 

A * B:
    2.00     0.00     0.00    10.00 
    0.00     3.00     0.00     0.00 
    0.00     0.00     4.00    -8.00 
    0.00     0.00     0.00     1.00 

B * A:
    2.00     0.00     0.00     5.00 
    0.00     3.00     0.00     0.00 
    0.00     0.00     4.00    -2.00 
    0.00     0.00     0.00     1.00 

Dowod braku przemiennosci: A*B != B*A

--- Odwrotność macierzy testowej ---
Macierz C:
    2.00     1.00     0.00     0.00 
    0.00     1.00     1.00     0.00 
    1.00     0.00     1.00     0.00 
    0.00     0.00     0.00     1.00 

Macierz odwrotna C^-1:
    0.33    -0.33     0.33    -0.00 
    0.33     0.67    -0.67     0.00 
   -0.33     0.33     0.67    -0.00 
   -0.00     0.00    -0.00     1.00 

Sprawdzenie: C * C^-1 =
    1.00     0.00     0.00     0.00 
    0.00     1.00     0.00     0.00 
    0.00     0.00     1.00     0.00 
    0.00     0.00     0.00     1.00 

--- Dodawanie (C + I) ---
    3.00     1.00     0.00     0.00 
    0.00     2.00     1.00     0.00 
    1.00     0.00     2.00     0.00 
    0.00     0.00     0.00     2.00 

--- Odejmowanie (C - I) ---
    1.00     1.00     0.00     0.00 
    0.00     0.00     1.00     0.00 
    1.00     0.00     0.00     0.00 
    0.00     0.00     0.00     0.00 

--- Mnozenie przez skalar (C * 2) ---
    4.00     2.00     0.00     0.00 
    0.00     2.00     2.00     0.00 
    2.00     0.00     2.00     0.00 
    0.00     0.00     0.00     2.00 

--- Transpozycja macierzy C ---
    2.00     0.00     1.00     0.00 
    1.00     1.00     0.00     0.00 
    0.00     1.00     1.00     0.00 
    0.00     0.00     0.00     1.00 

Wektor przed obrotem: [1, 0, 0, 1]
Wynik transformacji wektora: [0.00, 0.00, -1.00, 1.00]
